!!!!!!!!!!!!!!!!!!!!!!!!!!!!!!!!!!!!!!!!!!!!!!!!!!
! for k=59 ; Tsukuba tornade case
!!!!!!!!!!!!!!!!!!!!!!!!!!!!!!!!!!!!!!!!!!!!!!!!!!

  height[km]  press[hPa]      k
   0.03144     1000.00        1
   0.06288                    2
   0.10479                    3
   0.14643                    4
   0.18777                    5
   0.23009      975.00        6
   0.27466                    7
   0.32155                    8
   0.37078                    9
   0.42327                   10
   0.47949      950.00       11
   0.53954                   12
   0.60486                   13
   0.67557                   14
   0.75219      925.00       15
   0.83615                   16
   0.92804                   17
   1.02850      900.00       18
   1.13912                   19
   1.26160                   20
   1.39632                   21
   1.54470      850.00       22
   1.70823                   23
   1.88859                   24
   2.08702      800.00       25
   2.30388                   26
   2.54127                   27
   2.80056                   28
   3.08228      700.00       29
   3.38655                   30
   3.71401                   31
   4.06497      600.00       32
   4.43925                   33
   4.83681                   34
   5.25759                   35
   5.70035      500.00       36
   6.16374                   37
   6.64783                   38
   7.14989      400.00       39
   7.66821                   40
   8.20178                   41
   8.74946                   42
   9.30987      300.00       43
   9.88442                   44
  10.47510      250.00       45
  11.12051                   46
  11.79350                   47
  12.45123      100.00       48
  13.11774                   49
  13.79230                   50
  14.47411                   51
  15.16260                   52
  15.85489                   53
  16.55462                   54
  17.26374                   55
  17.97772                   56
  18.70325                   57
  19.45001                   58
  20.22126       10.00       59
